 Mach Number             (X)cp - Rocket          (X)cp - Nose/Body       (X)cp - Wing            (X)cp - Body-Wing      
 0.00000000000000E+0000  3.27309091246388E+0002  1.26737128220593E+0002  4.21900631339857E+0002  4.20294382289481E+0002 
 7.66000000000000E-0003  3.28030472649109E+0002  1.24732855560416E+0002  4.21900610423327E+0002  4.20294344482122E+0002 
 1.53200000000000E-0002  3.28748255458838E+0002  1.22769195898157E+0002  4.21900547663631E+0002  4.20294231045219E+0002 
 2.29800000000000E-0002  3.29315785255037E+0002  1.20846285531443E+0002  4.21900443030446E+0002  4.20294041934279E+0002 
 3.06400000000000E-0002  3.29819556775033E+0002  1.18964243451929E+0002  4.21900296473187E+0002  4.20293777075097E+0002 
 3.83000000000000E-0002  3.30294807255312E+0002  1.17123170283798E+0002  4.21900107920951E+0002  4.20293436363671E+0002 
 4.59600000000000E-0002  3.30756306499375E+0002  1.15323147223962E+0002  4.21899877282426E+0002  4.20293019666091E+0002 
 5.36200000000000E-0002  3.31211387633253E+0002  1.13564234988921E+0002  4.21899604445780E+0002  4.20292526818394E+0002 
 6.12800000000000E-0002  3.31664039636217E+0002  1.11846472773579E+0002  4.21899289278521E+0002  4.20291957626386E+0002 
 6.89400000000000E-0002  3.32116531004151E+0002  1.10169877227598E+0002  4.21898931627335E+0002  4.20291311865430E+0002 
 7.66000000000000E-0002  3.32570158703286E+0002  1.08534441455151E+0002  4.21898531317893E+0002  4.20290589280201E+0002 
 8.42600000000000E-0002  3.33025632583122E+0002  1.06940134044186E+0002  4.21898088154635E+0002  4.20289789584405E+0002 
 9.19200000000000E-0002  3.33483289178846E+0002  1.05386898131543E+0002  4.21897601920527E+0002  4.20288912460464E+0002 
 9.95800000000000E-0002  3.33943218348309E+0002  1.03874650510414E+0002  4.21897072376783E+0002  4.20287957559168E+0002 
 1.07240000000000E-0001  3.34405342198511E+0002  1.02403280786834E+0002  4.21896499262569E+0002  4.20286924499285E+0002 
 1.14900000000000E-0001  3.34869466399554E+0002  1.00972650591930E+0002  4.21895882294669E+0002  4.20285812867138E+0002 
 1.22560000000000E-0001  3.35335314762367E+0002  9.95825928567300E+0001  4.21895221167126E+0002  4.20284622216139E+0002 
 1.30220000000000E-0001  3.35802553269257E+0002  9.82329111563333E+0001  4.21894515550850E+0002  4.20283352066292E+0002 
 1.37880000000000E-0001  3.36264887611220E+0002  9.69233791301453E+0001  4.21893765093192E+0002  4.20282001903645E+0002 
 1.45540000000000E-0001  3.36727556161586E+0002  9.56537399847732E+0001  4.21892969417487E+0002  4.20280571179708E+0002 
 1.53200000000000E-0001  3.37190834515599E+0002  9.44237060859749E+0001  4.21892128122564E+0002  4.20279059310819E+0002 
 1.60860000000000E-0001  3.37654249304247E+0002  9.32329586457874E+0001  4.21891240782218E+0002  4.20277465677479E+0002 
 1.68520000000000E-0001  3.38117326870898E+0002  9.20811475106301E+0001  4.21890306944645E+0002  4.20275789623624E+0002 
 1.76180000000000E-0001  3.38579596542355E+0002  9.09678910557705E+0001  4.21889326131838E+0002  4.20274030455862E+0002 
 1.83840000000000E-0001  3.39040593261333E+0002  8.98927761910698E+0001  4.21888297838946E+0002  4.20272187442651E+0002 
 1.91500000000000E-0001  3.39499859732288E+0002  8.88553584823760E+0001  4.21887221533586E+0002  4.20270259813429E+0002 
 1.99160000000000E-0001  3.39956948190200E+0002  8.78551623923238E+0001  4.21886096655117E+0002  4.20268246757692E+0002 
 2.06820000000000E-0001  3.40411421872493E+0002  8.68916816436234E+0001  4.21884922613863E+0002  4.20266147424005E+0002 
 2.14480000000000E-0001  3.40862856253590E+0002  8.59643797071827E+0001  4.21883698790292E+0002  4.20263960918967E+0002 
 2.22140000000000E-0001  3.41310840086755E+0002  8.50726904166169E+0001  4.21882424534138E+0002  4.20261686306102E+0002 
 2.29800000000000E-0001  3.41754976287136E+0002  8.42160187098578E+0001  4.21881099163483E+0002  4.20259322604695E+0002 
 2.37460000000000E-0001  3.42194882682063E+0002  8.33937414976949E+0001  4.21879721963766E+0002  4.20256868788550E+0002 
 2.45120000000000E-0001  3.42630192648818E+0002  8.26052086581619E+0001  4.21878292186749E+0002  4.20254323784682E+0002 
 2.52780000000000E-0001  3.43060555655731E+0002  8.18497441547458E+0001  4.21876809049413E+0002  4.20251686471935E+0002 
 2.60440000000000E-0001  3.43485637719161E+0002  8.11266472754403E+0001  4.21875271732789E+0002  4.20248955679516E+0002 
 2.68100000000000E-0001  3.43905121786425E+0002  8.04351939887071E+0001  4.21873679380725E+0002  4.20246130185448E+0002 
 2.75760000000000E-0001  3.44318708052815E+0002  7.97746384114590E+0001  4.21872031098577E+0002  4.20243208714936E+0002 
 2.83420000000000E-0001  3.44726114219349E+0002  7.91442143832456E+0001  4.21870325951821E+0002  4.20240189938638E+0002 
 2.91080000000000E-0001  3.45127075696773E+0002  7.85431371399192E+0001  4.21868562964590E+0002  4.20237072470839E+0002 
 2.98740000000000E-0001  3.45521345760431E+0002  7.79706050791987E+0001  4.21866741118121E+0002  4.20233854867521E+0002 
 3.06400000000000E-0001  3.45908695659895E+0002  7.74258016097370E+0001  4.21864859349109E+0002  4.20230535624325E+0002 
 3.14060000000000E-0001  3.46288914686725E+0002  7.69078970745529E+0001  4.21862916547965E+0002  4.20227113174395E+0002 
 3.21720000000000E-0001  3.46661810203274E+0002  7.64160507390121E+0001  4.21860911556979E+0002  4.20223585886096E+0002 
 3.29380000000000E-0001  3.47027207635107E+0002  7.59494128329506E+0001  4.21858843168356E+0002  4.20219952060610E+0002 
 3.37040000000000E-0001  3.47384950429332E+0002  7.55071266360303E+0001  4.21856710122155E+0002  4.20216209929386E+0002 
 3.44700000000000E-0001  3.47734899980919E+0002  7.50883305950113E+0001  4.21854511104088E+0002  4.20212357651443E+0002 
 3.52360000000000E-0001  3.48076935528903E+0002  7.46921604613192E+0001  4.21852244743195E+0002  4.20208393310521E+0002 
 3.60020000000000E-0001  3.48410954024221E+0002  7.43177514370923E+0001  4.21849909609375E+0002  4.20204314912057E+0002 
 3.67680000000000E-0001  3.48736869970840E+0002  7.39642403178022E+0001  4.21847504210767E+0002  4.20200120379994E+0002 
 3.75340000000000E-0001  3.49054615241700E+0002  7.36307676195648E+0001  4.21845026990965E+0002  4.20195807553390E+0002 
 3.83000000000000E-0001  3.49364138870959E+0002  7.33164796793936E+0001  4.21842476326067E+0002  4.20191374182832E+0002 
 3.90660000000000E-0001  3.49665406823923E+0002  7.30205307168816E+0001  4.21839850521533E+0002  4.20186817926625E+0002 
 3.98320000000000E-0001  3.49958401746038E+0002  7.27420848461509E+0001  4.21837147808846E+0002  4.20182136346761E+0002 
 4.05980000000000E-0001  3.50243122692215E+0002  7.24803180273471E+0001  4.21834366341959E+0002  4.20177326904630E+0002 
 4.13640000000000E-0001  3.50519584837780E+0002  7.22344199474952E+0001  4.21831504193519E+0002  4.20172386956469E+0002 
 4.21300000000000E-0001  3.50787819172244E+0002  7.20035958211591E+0001  4.21828559350833E+0002  4.20167313748528E+0002 
 4.28960000000000E-0001  3.51047872177121E+0002  7.17870681020430E+0001  4.21825529711581E+0002  4.20162104411928E+0002 
 4.36620000000000E-0001  3.51299805488915E+0002  7.15840780974440E+0001  4.21822413079234E+0002  4.20156755957192E+0002 
 4.44280000000000E-0001  3.51543695548450E+0002  7.13938874782868E+0001  4.21819207158174E+0002  4.20151265268419E+0002 
 4.51940000000000E-0001  3.51779633237609E+0002  7.12157796783450E+0001  4.21815909548469E+0002  4.20145629097082E+0002 
 4.59600000000000E-0001  3.52007723504585E+0002  7.10490611771561E+0001  4.21812517740303E+0002  4.20139844055413E+0002 
 4.67260000000000E-0001  3.52228084978670E+0002  7.08930626620702E+0001  4.21809029108006E+0002  4.20133906609343E+0002 
 4.74920000000000E-0001  3.52440849575617E+0002  7.07471400658109E+0001  4.21805440903671E+0002  4.20127813070972E+0002 
 4.82580000000000E-0001  3.52646162094546E+0002  7.06106754768706E+0001  4.21801750250311E+0002  4.20121559590508E+0002 
 4.90240000000000E-0001  3.52844179807368E+0002  7.04830779209981E+0001  4.21797954134522E+0002  4.20115142147663E+0002 
 4.97900000000000E-0001  3.53035072041639E+0002  7.03637840129459E+0001  4.21794049398611E+0002  4.20108556542424E+0002 
 5.05560000000000E-0001  3.53217335640416E+0002  7.02538366567774E+0001  4.21790032732132E+0002  4.20101798385178E+0002 
 5.13220000000000E-0001  3.53386687738728E+0002  7.01569647073346E+0001  4.21785900662797E+0002  4.20094863086120E+0002 
 5.20880000000000E-0001  3.53543081318751E+0002  7.00730049373209E+0001  4.21781649546679E+0002  4.20087745843869E+0002 
 5.28540000000000E-0001  3.53686724283552E+0002  7.00015901108341E+0001  4.21777275557663E+0002  4.20080441633257E+0002 
 5.36200000000000E-0001  3.53817838830732E+0002  6.99423734737444E+0001  4.21772774676068E+0002  4.20072945192170E+0002 
 5.43860000000000E-0001  3.53936660876719E+0002  6.98950292579098E+0001  4.21768142676358E+0002  4.20065251007395E+0002 
 5.51520000000000E-0001  3.54043439472750E+0002  6.98592530616583E+0001  4.21763375113858E+0002  4.20057353299352E+0002 
 5.59180000000000E-0001  3.54138436213795E+0002  6.98347621071869E+0001  4.21758467310372E+0002  4.20049246005615E+0002 
 5.66840000000000E-0001  3.54221924641629E+0002  6.98212953765945E+0001  4.21753414338604E+0002  4.20040922763102E+0002 
 5.74500000000000E-0001  3.54294189643200E+0002  6.98186136292757E+0001  4.21748211005249E+0002  4.20032376888815E+0002 
 5.82160000000000E-0001  3.54355526845407E+0002  6.98264993043322E+0001  4.21742851832621E+0002  4.20023601358950E+0002 
 5.89820000000000E-0001  3.54406242007345E+0002  6.98447563125022E+0001  4.21737331038668E+0002  4.20014588786258E+0002 
 5.97480000000000E-0001  3.54446650410998E+0002  6.98732097228659E+0001  4.21731642515192E+0002  4.20005331395431E+0002 
 6.05140000000000E-0001  3.54477656712450E+0002  6.99117053502333E+0001  4.21725779804089E+0002  4.19995820996324E+0002 
 6.12800000000000E-0001  3.54501447241364E+0002  6.99601092496775E+0001  4.21719736071380E+0002  4.19986048954786E+0002 
 6.20460000000000E-0001  3.54518492703018E+0002  7.00183071251228E+0001  4.21713504078786E+0002  4.19976006160805E+0002 
 6.28120000000000E-0001  3.54529131892066E+0002  7.00862036592414E+0001  4.21707076152569E+0002  4.19965682993703E+0002 
 6.35780000000000E-0001  3.54533710685356E+0002  7.01637217721570E+0001  4.21700444149302E+0002  4.19955069284013E+0002 
 6.43440000000000E-0001  3.54532581328358E+0002  7.02508018165962E+0001  4.21693599418212E+0002  4.19944154271650E+0002 
 6.51100000000000E-0001  3.54526101721631E+0002  7.03474007171823E+0001  4.21686532759678E+0002  4.19932926559953E+0002 
 6.58760000000000E-0001  3.54514634708353E+0002  7.04534910615285E+0001  4.21679234379379E+0002  4.19921374065067E+0002 
 6.66420000000000E-0001  3.54498547363842E+0002  7.05690601506701E+0001  4.21671693837563E+0002  4.19909483960088E+0002 
 6.74080000000000E-0001  3.54478210287812E+0002  7.06941090161879E+0001  4.21663899992781E+0002  4.19897242613307E+0002 
 6.81740000000000E-0001  3.54453996900010E+0002  7.08286514111164E+0001  4.21655840939338E+0002  4.19884635519772E+0002 
 6.89400000000000E-0001  3.54426282739659E+0002  7.09727127814229E+0001  4.21647503937625E+0002  4.19871647225265E+0002 
 6.97060000000000E-0001  3.54395444768969E+0002  7.11263292244796E+0001  4.21638875336292E+0002  4.19858261241657E+0002 
 7.04720000000000E-0001  3.54361860680762E+0002  7.12895464405556E+0001  4.21629940485130E+0002  4.19844459952420E+0002 
 7.12380000000000E-0001  3.54325908210004E+0002  7.14624186829195E+0001  4.21620683637247E+0002  4.19830224506870E+0002 
 7.20040000000000E-0001  3.54287964448774E+0002  7.16450077116955E+0001  4.21611087838953E+0002  4.19815534701468E+0002 
 7.27700000000000E-0001  3.54248405163873E+0002  7.18373817561368E+0001  4.21601134805411E+0002  4.19800368846190E+0002 
 7.35360000000000E-0001  3.54207604115922E+0002  7.20396144895077E+0001  4.21590804779788E+0002  4.19784703613636E+0002 
 7.43020000000000E-0001  3.54165932378346E+0002  7.22517840202778E+0001  4.21580076373204E+0002  4.19768513868082E+0002 
 7.50680000000000E-0001  3.54123757654156E+0002  7.24739719028524E+0001  4.21568926382196E+0002  4.19751772471123E+0002 
 7.58340000000000E-0001  3.54081443587805E+0002  7.27062621705929E+0001  4.21557329579802E+0002  4.19734450059913E+0002 
 7.66000000000000E-0001  3.54039349068669E+0002  7.29487403934173E+0001  4.21545258475497E+0002  4.19716514793132E+0002 
